8565.7
7587.0
7673.8
6949.9
8200.0
9219.4
8895.8
9181.1
10284.0
10175.0
11212.0
11839.0
11461.0
11070.0
11146.0
11414.0
10819.0
10771.0
11514.0
12728.0
11476.0
11045.0
11082.0
11072.0
13575.0
13558.0
14191.0
13783.0
13266.0
14896.0
14423.0
14930.0
16196.0
17161.0
16917.0
15160.0
15155.0
14709.8
13354.0
13800.0
12377.0
14317.0
14315.0
15374.0
15679.0
13623.0
13476.0
14035.0
13170.0
15666.8
16425.0
17345.0
18934.0
18971.0
19187.0
17522.0
16383.0
16181.0
16967.0
16754.0
14997.0
14660.0
15869.0
16601.0
13527.0
11595.0
11595.0
11157.0
10881.0
10869.0
9907.0
9749.4
9898.0
9728.8
9316.0
8766.2
8191.6
7977.1
8230.1
8097.3
8245.1
8054.2
7773.3
7677.9
7864.2
7278.3
6579.2
6474.6
5822.1
6300.7
6542.2
7126.2
7442.4
7103.3
6955.0
7382.0
7369.0
7278.4
7019.9
6727.3
6458.3
6125.3
6156.0
5720.6
5759.6
5890.0
5720.0
5509.5
5906.9
5980.5
6005.1
5984.5
5694.0
5565.0
5597.1
5764.4
5698.6
5835.0
5636.8
5428.5
4824.9
4777.0
4782.3
4613.1
4436.0
4371.0
4315.4
4215.1
4311.1
4400.1
4404.3
4367.0
4169.9
4190.0
4205.4
3879.1
3930.0
3652.8
3779.6
3598.5
3603.4
3873.2
3900.0
4084.1
3666.3
3685.4
3698.0
3238.1
3849.7
4142.9
4203.0
4232.1
4317.9
4305.8
4613.5
4589.1
4374.9
4200.4
4595.0
4534.4
4904.9
4718.2
4569.0
4587.1
4383.8
4331.8
4341.7
4351.5
4325.2
4129.1
4074.0
4002.5
4064.3
4145.1
4090.2
4260.0
4386.3
4151.9
4319.5
4053.3
3865.5
3644.1
3407.9
3339.9
3415.0
3396.7
3227.9
3256.4
2860.0
2790.3
2702.0
2731.2
2856.0
2749.0
2714.1
2784.8
2664.9
2525.7
2560.9
2769.7
2747.5
2845.7
2664.0
2856.3
2253.1
2302.1
2219.0
1924.9
1978.6
2205.1
2329.0
2374.4
2282.1
2318.3
2478.0
2542.0
2479.3
2593.1
2598.5
2582.6
2524.0
2445.0
2349.5
2420.7
2470.1
2518.2
2521.2
2394.6
2477.7
2502.6
2674.9
2672.8
2621.2
2712.2
2580.8
2491.5
2610.0
2437.0
2377.4
2395.0
2676.4
2571.8
2936.3
2806.0
2809.0
2782.1
2642.6
2843.6
2636.2
2488.2
2461.0
2405.9
2311.6
2191.8
2146.7
2207.4
2056.6
1972.3
2127.3
2252.0
2394.8
2249.3
2085.5
2029.2
2059.7
1966.5
1941.5
1870.0
1785.7
1772.5
1828.1
1820.4
1735.0
1853.9
1796.8
1760.0
1703.2
1619.9
1597.1
1545.1
1607.1
1617.8
1560.0
1533.1
1435.2
1423.6
1415.6
1440.3
1399.3
1370.3
1345.0
1355.2
1347.5
1325.6
1308.4
1260.5
1265.4
1240.0
1212.0
1193.3
1206.8
1187.0
1227.4
1235.6
1220.3
1215.9
1188.1
1196.6
1191.5
1140.6
1145.0
1150.2
1107.6
1093.2
1081.7
1041.0
1041.8
1044.7
1042.7
969
972.2
943.1
1033.0
1039.1
1115.0
1039.0
1016.1
971
1068.4
1169.0
1256.1
1245.0
1238.5
1225.2
1172.8
1113.6
1190.4
1149.3
1232.4
1279.3
1278.4
1267.8
1288.2
1262.3
1232.8
1189.1
1195.5
1178.3
1153.0
1185.1
1190.9
1125.3
1129.6
1091.2
1056.2
1059.8
1056.2
1038.4
1013.8
1013.7
996.5
996
1000.3
992
985
1048.8
1052.1
1022.6
1006.6
1031.1
1015.7
1005.7
983.7
966.2
917.4
912.6
919.4
916.7
915.1
893.3
886.1
910
923.7
924
896
900.3
887.8
904
830.1
820.7
815.3
828.1
804.6
778.6
905.8
903
915.9
908.8
898
1003.2
1139.6
1037.5
1019.3
999